Id,SalePrice
2658,158423.51488578727
2718,180975.35926922795
2414,213917.59515376034
1989,120250.4801890791
625,156818.37580972613
333,105162.64767522993
1327,115142.81835986208
858,168080.3328898199
95,204466.65077884862
1568,159154.03446392342
2482,182078.67741724002
1364,110414.91015870462
2584,144564.00356146967
818,291386.00811375276
2673,143846.04757209943
2089,130440.70861669694
1297,151680.94938696572
790,114439.79264755583
2616,175536.22359171457
720,202749.38847692392
222,138413.5514571399
557,134937.5547389082
1148,211433.24062281876
2766,168750.01752044694
534,215263.9751363743
1452,110684.00949333588
630,118566.79012490419
2648,160357.91329266335
125,180846.41485832047
1904,39448.11072276576
1670,120887.33104222771
756,102007.25544885724
717,236474.5837505274
1032,158002.83998112698
852,235207.02686201365
1731,178328.82448816096
2639,156219.15986626697
2071,86556.2015148224
1267,102357.31304938858
1851,209097.93730886123
567,166440.95924303704
2439,219761.50860673434
1898,150164.02514862482
647,149300.48785704363
2256,231501.74055511734
979,114002.03148176003
1444,234634.39730865665
2485,102774.68095114808
157,113954.74052519114
88,115731.73936768157
2003,100333.43241791808
186,210348.8753558154
1425,248074.91429941263
2695,127463.78648849396
738,90639.8488124911
395,144249.0491262193
1353,189121.72770123772
1878,136566.3093806682
390,158919.1375206827
1456,247253.26045245523
1103,298255.8311454616
1387,125232.16155385374
2070,147516.81637782147
1199,175892.8864121528
2479,176410.5162605421
501,305570.4482840304
2362,78769.44960961831
1718,200272.643648871
2188,57906.82364026517
1483,181824.5501378437
2557,105207.44173086886
437,356409.0774729067
2224,186783.6807375022
1628,178897.88815564063
397,130810.97504704585
587,206403.88152094276
2182,605063.4888223488
971,116101.16725661122
2611,121572.59281009057
1887,91328.86448768273
2399,396040.7593484917
2148,216051.4447736447
304,95337.52320663867
1997,128068.96627630471
2817,125222.07679222125
1431,206840.7357351628
427,368705.72291018395
263,118913.71540863594
598,172799.79378937016
2895,245302.24570323186
687,136371.21187727444
1822,125667.93482538569
2191,122364.81833033868
179,128030.74085566623
1009,207429.52830066922
2010,113067.28316473507
1991,141446.3985057753
1411,169777.67824160136
1721,242395.8240927616
1144,202716.11906500562
593,234117.55619197144
575,354231.7883992648
1249,163216.86404845334
1604,123412.2362928979
1064,473304.6363027396
1923,149199.07233432514
1988,102228.98972895983
2325,163332.87060515056
114,205146.1613892627
2700,190209.63908730293
217,143569.75966780135
343,169761.7994113848
386,230111.6896876799
2005,123601.16093454519
2908,144149.69843948688
1814,256757.21839141258
2446,484279.84185337694
208,151641.93461062657
1679,115949.72232192833
822,385243.4089438633
6,198980.40932153133
1781,414567.5968845242
2397,298751.9565274079
2340,300276.42523249204
1618,181099.30861568564
2843,171535.93665180102
1061,353850.2934504731
2786,115349.762957711
1935,123090.38812857275
1341,111798.26960292798
521,270416.1743244516
2136,132118.91788665694
996,210589.83543153666
227,134074.04335594378
135,175156.9519568123
1167,180448.04588880204
294,228891.91880326165
1776,227239.62285554843
540,189532.68107814938
1717,200271.77560796682
2303,113529.28392377516
116,171166.767499913
127,138561.07628495214
1371,112117.90720900019
1014,141679.01237845808
1507,91747.17196211588
702,150405.01485743202
750,166941.05350998093
261,141501.73811106646
1559,96789.92470318977
577,213691.77239960615
2812,211139.37003190257
2080,151213.61495919837
1368,101298.32530110306
2376,109340.16284059889
659,104459.15137948898
1235,123845.91828601096
332,73177.59098926574
1917,121535.87166288082
2094,262274.6653897332
1460,257918.0163878061
1471,228007.84451066476
1509,114094.3825964443
1922,123494.73175502993
433,482167.27439414756
460,315205.77761940693
1116,253161.78730058353
1137,173739.1828243171
53,188174.38866273468
2354,250067.19910456828
1475,226027.69815519336
1761,486508.76539736806
842,139927.5894164631
2739,201463.03088885912
2509,174955.30075549442
1007,210807.067599525
2610,165936.22759671145
1952,128091.10973542917
2719,176258.25579952792
2921,93981.19699106265
1966,130555.87329048455
292,117842.67041664154
1204,184037.58693666483
1829,260642.80728835653
2419,192766.41408663604
391,141347.85606211858
798,95141.91320202134
481,212499.7730854762
193,191216.2622791397
555,110621.25475108637
899,61054.977766163924
2357,201413.4412123951
328,153710.55630130935
1356,93573.23337902049
1154,94177.057157407
1730,181361.27319896343
2249,161594.4741911106
1119,261769.3820582631
2856,129954.5890696435
1394,132985.73157553986
2587,109561.43139965403
61,309936.9908447717
2661,186231.4907354151
2711,130875.26796843103
1147,194296.6147416731
757,111550.86042623824
2623,85808.57011724712
2378,135924.62227422633
1413,128777.24592289691
1722,228731.27677082332
1112,239342.33574621918
1623,182482.66630790682
1201,191967.8831758793
1513,141156.52039013122
957,341269.01632893144
1171,288497.0029163115
1145,217982.52373873038
2726,224682.26702366857
703,147176.7081668835
760,117661.6483522995
1964,139773.4810880887
2512,203050.1228090908
159,135789.63538780177
1281,156292.88330985914
468,186338.71537557172
290,113271.63185487388
665,104777.36177991437
1463,253147.0645061076
1792,223465.5411758724
923,117143.55858985419
500,282458.0501132793
1408,195377.72562965943
331,81006.70454623742
170,156611.17878974823
2192,95619.84832850886
2571,284960.44327797845
2314,162936.63291168667
2647,92317.4597699777
422,429772.34989016
2457,363161.3259690253
1838,220915.42559085882
2805,241522.22081310503
1645,157782.3004329253
1711,293450.9127620789
2825,259952.98812710954
322,377874.3865681627
2103,255722.73069536302
342,114463.5665124999
600,121402.36919385006
488,178530.88162709854
1725,345866.83229949104
2246,281376.74546723755
2847,127684.33280437757
806,243020.61514133168
530,236889.38876373402
963,186305.76788314723
2678,88499.17733144185
171,86443.91492903803
2401,419622.4983610852
805,239544.32354963318
2259,220488.0600001674
1748,198614.13146106794
1361,132981.50960043576
1677,105493.04860924574
1406,134601.00153126632
2322,269014.15301622584
688,146933.82201975377
143,141922.66865379436
804,208494.6412524882
1214,175386.7210203034
2828,157263.23687884296
1999,181926.72418732903
2467,204449.68187668125
2665,177663.20342841366
1538,299441.67877790506
398,119538.44215993083
2822,118144.25805342522
2157,153211.00245606966
1856,220922.798837236
1269,85615.81359987595
2570,107962.85327006684
2320,247313.64196043048
1517,121459.40383595895
2304,122985.85800890173
1312,82058.62649104524
2012,125599.42767003989
506,258371.05669057832
2865,183220.4338811853
2367,94031.13824850795
554,81569.42100106005
238,138245.66275217247
1954,108653.75641161151
2488,137005.8316908127
2291,83568.70925044277
1969,92794.55127200356
2725,165036.12267465048
1482,162503.3781844081
2763,213087.42656760395
503,253420.54378277497
1584,243322.13500336887
1531,117921.47077949232
2210,167667.73789764277
459,358661.35415853024
556,123315.03628208584
1347,144226.09742992237
1290,72056.89181728764
1388,97732.94834110937
1571,278348.77250342636
2754,210533.73521050927
765,180303.02673291625
2494,146553.28795389144
2870,209955.5969744849
7,214333.00243984917
1114,257215.98043515868
2418,254301.55787453958
291,160556.81185876115
18,301420.69525490934
39,381812.25812625256
1001,255311.55677005884
2442,239730.70941070077
616,103831.24106184658
2680,66944.51285692175
1414,116283.94076391202
289,149020.85264278678
40,242726.03868172225
860,107911.3693714384
409,120179.55934567566
673,144233.05514777996
2427,208052.0187237115
2036,208982.31036952508
2564,144707.5370580856
642,198080.60504107573
1008,176379.96237758655
1908,166534.38880251566
2519,217589.12967683544
1369,96101.0221418957
2855,173732.4426054606
712,125859.17767664004
1943,136476.67037901125
1958,114980.05092453986
107,187121.8098143929
2295,213301.80000133664
704,105875.49368423075
676,137485.39380124147
259,182471.92414763058
93,269627.86720625847
106,240686.00645356087
2315,177203.47699558982
1050,94317.30999288286
1095,215283.82177334098
2709,146014.9964570102
758,146530.24287699466
1496,141475.05574870034
2370,120344.12250210503
2458,296184.273000591
2733,134759.60669795604
161,255457.35819402052
726,150447.80560399007
845,227168.15193805372
947,238168.9026580843
2232,114626.393975128
2563,137318.35214862513
2299,148433.51639717052
211,119526.522880039
605,177630.77118650716
1478,208196.46939572482
2247,281239.8403227461
2274,199900.72010404815
2869,200629.36156919587
967,219155.9161869767
2656,103155.7772938682
667,223423.5556859927
1042,107826.26499985036
2023,166478.25595195507
2447,384735.85071435774
2055,118939.59881276157
2275,302009.68621827615
2204,166485.3891660025
1563,281620.264774294
483,230024.63538126304
796,142092.38944117274
1526,134123.29840834814
2042,126234.9799316685
442,370359.1813863864
1693,307610.3150913282
1468,234520.54253836468
1430,209530.58574693804
2605,151432.75477388725
1529,217322.17670532042
335,158732.22344453717
1287,122278.62933972164
31,101991.156772658
1785,343243.552176035
82,150288.2960418055
2620,151085.53637739093
252,194472.57383506774
721,56997.94855393558
2165,189915.81933079983
2316,182069.68212825246
775,142963.566775347
1558,92305.23615886559
17,202358.66014649125
1022,224688.06798463213
925,117903.85141721863
438,271897.6332363473
1270,134521.60255235303
1272,112060.82400344628
215,142993.97960001708
266,273497.61459820124
2402,284631.73006247485
1250,128859.77909886694
1984,139285.111172324
1279,150820.39644370764
377,240850.2455125673
1252,116713.44834502353
2156,262282.66500108974
499,305318.68965684576
1374,124634.22715449108
2898,219564.5712320205
401,118757.86688541595
2721,149026.34808321093
2078,224159.32850787192
2589,130389.042646282
1946,210853.6480184799
1334,109485.89233341045
2781,238466.31783631776
431,383368.56865501986
576,223501.4047565811
1474,220699.5183815807
2254,146707.9895500699
2155,281920.77985134214
885,100867.89226283191
643,137930.20803972252
1944,121497.923271959
480,205365.94324443815
2845,109907.07142743323
2387,284067.69962527964
2407,214216.00793015969
2527,164180.00056989826
2514,171656.4589943939
629,159866.06168178414
80,243946.00826681554
1876,135310.9964998402
1546,113894.98971787989
2518,170373.2478266726
2347,156334.7278573267
783,244988.86908119346
1322,63717.33669260627
194,93389.91016532833
1770,294480.1526088609
2143,145965.9455360422
1229,228457.80109279993
511,273387.21049505734
46,229725.74124986993
1348,158066.08751852385
2465,202845.55456895076
387,236549.852047736
873,228767.86850355158
1918,124056.26889807027
2764,236326.613726383
2184,116279.89757262846
934,134254.8604328205
1920,124593.36011064917
2631,127174.77147657532
1768,585850.4092750868
2040,123703.8204209577
1749,221174.3896212058
834,269677.59219872893
1457,246359.97647941616
79,93268.88503824006
2302,128686.36009893431
1817,147704.605140779
2755,248594.5629892278
359,181295.9074358966
2059,96972.11551942825
2092,224194.51397151078
2516,229994.72540474107
150,114374.09091654168
1656,141129.58846829465
83,93637.73075495214
2411,200126.2887570188
795,85825.3038874064
2312,233727.82721008614
2917,130009.97923866395
1624,188815.05220922403
2215,259026.5039122083
1211,142516.13545977906
1485,182475.89219195052
1024,183725.77768368577
570,214278.43495478996
2874,142074.6840470466
700,136701.44096237305
2756,220434.812665664
2022,168471.48715968098
583,225167.0056086658
2392,372872.68948423467
2424,201587.71154349516
212,88255.07293776136
736,123826.75585766252
1610,154582.1975843667
890,147012.36386777932
467,187364.46884002638
578,199790.32659689742
1747,213041.02536415373
1149,182797.932461819
2758,247935.37002506768
857,142300.06729546626
2219,232799.22858979285
733,102282.77654752518
2909,136612.74183063584
1798,249796.6114557662
235,124817.6104851905
2366,141548.1428317028
1027,132613.54624877815
1195,133593.11669743975
1303,40363.514882084244
148,170931.39669886063
608,159292.49819573495
2515,206645.71105536236
821,317346.79789287335
2500,241822.44309932264
745,102992.49906840533
741,138851.1201398981
1611,113498.37964681235
2532,132262.03686353934
1081,248871.85573024553
1692,437571.4018891426
2520,208162.45593135507
276,107641.66620328526
1992,140534.1317506195
663,67033.46148557698
418,130833.32636119178
1733,191209.69606046792
2359,137638.63392239343
253,213967.5601860438
1518,186556.58479951016
2035,159981.35170323992
2919,85743.32432049017
1540,238497.5961925347
2120,173473.5732306493
1674,186847.93272171184
256,138292.37924826753
2361,98798.3447204878
978,76869.68303147872
2280,147609.4951023089
2095,236674.40212579988
1709,297686.8656978876
2801,260587.38280303765
1246,113289.14952088504
2373,98253.67417911578
1055,273553.5767558038
2017,120537.47440902848
1099,274691.98204982915
1344,77922.19312710474
835,237376.8686408444
1117,256707.85631169716
2043,88625.06350849797
2085,133050.7377199212
410,136714.50122008036
2650,111393.93884661744
2867,166601.04843476645
1668,104372.34706361245
1161,182224.1559789477
2122,180866.97435180366
2539,159395.13696250966
1047,130718.11540772907
1445,140322.69775549223
541,145508.55729401187
569,238773.3905494832
1276,113825.1819281751
918,128845.92772660492
326,182438.38498347337
1936,118443.79920097196
895,95339.27991331674
257,152724.9249739703
1241,170288.67645057425
1545,100044.34757696396
1189,167685.48619786216
270,155453.90158704983
2066,174018.99704427458
693,121928.13233787453
1259,154262.03675871072
2916,159702.72294059471
2321,304152.92430031596
1977,129039.57260616071
1895,138302.9594375007
1240,150774.17122951197
85,146071.61962796687
1823,123730.12806820916
825,287416.2378973782
110,241434.1103980866
697,110345.74215296323
2297,109622.19100101043
1231,134064.38518555986
1355,117483.2906980185
968,372697.87198939454
584,245669.86418146497
1315,141933.8523159835
1606,156495.72046361567
206,113817.28081176097
1685,391749.6681500339
2016,128700.11657636902
869,217810.52483941562
2135,108505.75545479964
2346,185107.94027713776
2430,228861.29764209708
2198,78080.81445703925
2652,133564.23598167408
27,108856.04897252508
241,178553.72435041922
906,117392.15820370385
1506,152264.90393706548
2098,352238.31979438185
1435,237782.49155393895
2213,111259.29881359296
1274,129866.21504015016
743,26705.938278204703
1737,212533.67634223684
2797,260920.97456922592
2185,86368.06012480518
58,177064.5535703307
830,218056.2578594896
808,115767.62374317781
680,137842.03484369838
1153,102916.58648755706
1291,132487.6785996842
1818,152503.27424972205
2161,194472.25467092753
1883,115590.51151029511
350,327874.174956306
2473,147767.83667580268
295,185118.92441716342
293,192919.99484581512
859,141911.58338948066
288,58425.673649838005
1578,148200.61667563167
102,217712.05266213525
2831,183098.21465924036
1030,156620.37997759075
2551,137311.21473501707
1286,159123.65371368208
958,344667.4634367309
776,122230.32615257268
72,233017.0149718553
2263,252212.62169983675
1866,150788.73206725038
2876,77087.57664201908
2146,247501.40838651644
103,186716.18361933713
1500,156689.5407035807
492,202499.9247149126
167,138580.8224019535
2597,110458.80565653698
2685,114504.4842033209
1035,134962.07325626884
1220,55705.83629406238
2602,135045.63976963275
2159,218600.20051669722
695,136765.28943786485
1109,263263.9067169613
640,193902.6906890616
1652,148556.43275358563
2090,179842.49962440867
1188,180097.8701338323
2345,218636.57487137965
1059,398036.03262321366
2751,243360.77676080522
128,203969.26320975838
1523,173679.26194127652
2925,164785.3623792527
2145,288031.40503874735
1121,223123.08312595962
566,284869.1693916292
565,250885.75355141016
1331,136352.1608665157
2928,135959.70548325955
156,129403.30020708052
797,122718.93027804111
327,93758.44025817465
2859,147693.6006988915
1453,104618.1760160216
1762,314551.8742690625
1868,198793.8590474281
1760,177079.4755171798
1113,245396.11839230434
1812,190694.1661339375
117,148521.4291651498
1142,213326.85861526369
2342,400694.8269726217
927,136995.96822476294
2478,184173.6058005114
655,71448.36332939692
2064,122025.27972295653
369,246573.96387750984
2239,102882.99702527656
2732,235554.52631965606
1653,149091.8651959347
959,213062.40187603142
2395,326744.3285347922
1412,123801.89243424096
271,234051.2177980804
1484,164212.0301072669
1497,171998.81022681802
552,156280.08736928643
2,123448.80358571121
1855,298273.98023182235
4,278829.99833627266
2292,151451.16961910154
134,159686.4791571622
646,119441.3392917134
42,328502.0553684073
532,238288.03899584495
713,94940.48259288978
2561,125510.30823809889
2360,122332.14293649732
1333,110735.38906360604
1407,187790.20203765153
2892,298951.16020338726
574,227655.47185193843
1227,161628.1895876701
2591,205872.3475492596
1476,225391.82339592616
1125,265809.02761457255
1446,146601.26399747265
408,121227.27758689603
1101,272760.67714868253
2251,213450.19150176764
373,176660.9755430701
2554,121052.40299267313
2382,248670.96942320207
1985,100586.73849048685
519,226324.0139110078
1093,192521.5320023575
864,241475.77816934587
2889,148127.72655590452
2308,200030.5043174527
986,148870.0766604602
1302,154650.60682935276
585,169121.6932324651
2708,137022.8235785898
147,119291.44884138378
1441,236423.77748295985
383,193490.59264277597
285,160120.62094781516
181,116153.3633827008
358,206293.30927688448
780,165558.45198443608
258,195518.54082306885
1865,212323.3629062715
692,106194.95049941496
2902,313645.8404194865
508,254795.81349636315
2638,160391.37725894037
36,134888.5957874973
611,179171.37652097634
2281,171163.17879564932
1678,142003.991764407
1696,455581.09170424053
1557,109607.66117737244
2180,169874.06686909863
1726,218750.17019480024
951,128289.2941700208
267,235926.2528749518
2706,136229.10681091968
2221,221880.20599411678
1357,174725.44229838907
2901,292337.2375868404
347,178933.49148670057
2164,208287.55740806944
1586,308038.2274766655
360,159732.24358148812
1769,261741.62042520693
2617,140509.33034359885
1879,165423.9074217706
991,194739.62312342247
1535,97851.06601659597
1191,173350.6102528003
1579,212212.75458052373
1882,136513.74302521776
1510,161299.14614916092
2196,202562.1493683246
1845,202956.19002868046
2336,357312.14533440565
942,104068.9611333481
861,119552.95865756112
2555,119082.02388543071
1392,165421.22343272308
2099,255674.43163217723
1543,144534.6441754104
948,294828.91618004185
1239,161318.23309145423
22,207477.50507836218
2796,262728.533056545
2747,175292.6572699687
92,269865.8031993549
210,160158.86491067123
1858,219226.3768052255
2228,166778.8905711363
447,231289.8735957141
827,259890.90503830265
1649,197084.1192346575
682,130586.79537903366
2698,107828.6393292821
494,183398.961267758
214,87490.62229057487
2441,244566.314215407
2679,103672.2609291235
1336,110827.88096456089
465,195554.58521762115
1524,122286.77435036228
2543,108594.63857015653
631,139768.72797276033
2452,310155.34247661015
228,157892.20032054052
126,174342.77243997934
1092,249733.03032707624
1122,220926.87103501946
932,212565.62708516963
1980,98743.5158669784
2171,108242.975353286
551,159322.75412370637
2768,158814.6217570422
2056,103936.05925947514
1159,343661.7352486138
2645,174933.36067428367
1174,197105.06542135653
2266,214597.3385215039
2462,383319.99618032516
1219,135011.20409750688
2922,193923.92162691374
118,136040.8023865692
474,194128.00711688204
2576,138447.53645610597
872,290299.7554330288
1077,220381.76774435074
1536,137910.1890180143
1150,137494.50903463742
2341,288967.74925273936
1931,171261.62485184922
2785,148498.009219222
2538,114664.61980396787
597,200264.34674386075
464,206291.61539148443
233,271395.2900232885
2169,135216.08944110683
2123,178774.14478247336
1867,167737.132270482
137,264578.1666330405
515,233155.6464852767
933,112788.18641408769
2784,166888.91535704175
972,179632.4490264654
599,149251.68918083239
2614,114869.39756384553
2582,156466.12120687187
1409,157608.38011181355
175,125537.42537376036
352,206883.9642495683
976,105467.64263178056
2134,201619.6594001847
984,95178.84714529826
2396,355502.1654541349
1673,145343.0715090045
404,136884.01136029014
607,169940.68629745572
814,166289.7293208906
868,206172.1883486722
2271,209797.0033712782
1633,245984.06660413626
337,197210.2911656244
2765,185208.51811047652
1746,254063.0564903132
368,303745.58426020783
2806,222662.22103165355
1662,182408.39548057213
1234,206898.25015789946
1373,121138.19738737796
1672,135492.87236203253
1939,112179.33932226697
